<?xml version="1.0" encoding="UTF-8" standalone="no"?>
<!-- Created with Inkscape (http://www.inkscape.org/) -->
<svg xmlns:dc="http://purl.org/dc/elements/1.1/" xmlns:cc="http://web.resource.org/cc/" xmlns:rdf="http://www.w3.org/1999/02/22-rdf-syntax-ns#" xmlns:svg="http://www.w3.org/2000/svg" xmlns="http://www.w3.org/2000/svg" xmlns:xlink="http://www.w3.org/1999/xlink" xmlns:sodipodi="http://sodipodi.sourceforge.net/DTD/sodipodi-0.dtd" xmlns:inkscape="http://www.inkscape.org/namespaces/inkscape" id="svg2776" sodipodi:version="0.32" inkscape:version="0.45" width="282.83398" height="366.73691" sodipodi:docbase="/home/evans/Desktop" sodipodi:docname="PeterM_Medallion.svg" inkscape:output_extension="org.inkscape.output.svg.inkscape" sodipodi:modified="true" version="1.0">
  <metadata id="metadata2781">
    <rdf:RDF>
      <cc:Work rdf:about="">
        <dc:format>image/svg+xml</dc:format>
        <dc:type rdf:resource="http://purl.org/dc/dcmitype/StillImage"/>
      </cc:Work>
    </rdf:RDF>
  </metadata>
  <defs id="defs2779">
    <linearGradient id="linearGradient3960">
      <stop id="stop3962" offset="0" style="stop-color:#ffffff;stop-opacity:1;"/>
      <stop id="stop3964" offset="1" style="stop-color:#ffffff;stop-opacity:0;"/>
    </linearGradient>
    <radialGradient inkscape:collect="always" xlink:href="#linearGradient3960" id="radialGradient2709" gradientUnits="userSpaceOnUse" gradientTransform="matrix(-0.2793654,0.6548739,-0.6588766,-8.7737761e-2,657.02488,359.2947)" cx="259.8519" cy="485.57144" fx="259.8519" fy="485.57144" r="13.5"/>
    <linearGradient inkscape:collect="always" xlink:href="#linearGradient4142" id="linearGradient2707" gradientUnits="userSpaceOnUse" x1="361.19095" y1="80.282722" x2="360.27524" y2="444.9689"/>
    <linearGradient inkscape:collect="always" xlink:href="#linearGradient4142" id="linearGradient2705" gradientUnits="userSpaceOnUse" x1="361.19095" y1="110.5407" x2="360.27524" y2="444.9689"/>
    <linearGradient inkscape:collect="always" xlink:href="#linearGradient4142" id="linearGradient2703" gradientUnits="userSpaceOnUse" x1="357.9162" y1="152.25885" x2="357.00049" y2="440.06088"/>
    <linearGradient inkscape:collect="always" xlink:href="#linearGradient4142" id="linearGradient2701" gradientUnits="userSpaceOnUse" x1="353.58734" y1="493.62003" x2="359.00797" y2="180.48428"/>
    <linearGradient id="linearGradient4142">
      <stop style="stop-color:#ffffff;stop-opacity:1;" offset="0" id="stop4144"/>
      <stop style="stop-color:#ffffff;stop-opacity:0;" offset="1" id="stop4146"/>
    </linearGradient>
    <linearGradient inkscape:collect="always" xlink:href="#linearGradient4142" id="linearGradient2699" gradientUnits="userSpaceOnUse" x1="353.58734" y1="493.62003" x2="359.00797" y2="180.48428"/>
    <linearGradient id="linearGradient8560">
      <stop style="stop-color:#bfb800;stop-opacity:1;" offset="0" id="stop8562"/>
      <stop id="stop8564" offset="0.5" style="stop-color:#f8fe05;stop-opacity:1;"/>
      <stop style="stop-color:#bfb800;stop-opacity:1;" offset="1" id="stop8566"/>
    </linearGradient>
    <linearGradient inkscape:collect="always" xlink:href="#linearGradient8560" id="linearGradient2727" gradientUnits="userSpaceOnUse" gradientTransform="matrix(0.3670583,0,0,0.3670583,377.49448,57.028857)" x1="171.83858" y1="381.28146" x2="577.02722" y2="381.28146"/>
    <linearGradient inkscape:collect="always" xlink:href="#linearGradient3391" id="linearGradient3517" gradientUnits="userSpaceOnUse" x1="705.63715" y1="25.861053" x2="756.38391" y2="25.861053"/>
    <linearGradient inkscape:collect="always" xlink:href="#linearGradient3391" id="linearGradient3515" gradientUnits="userSpaceOnUse" x1="705.63715" y1="25.861053" x2="756.38391" y2="25.861053"/>
    <linearGradient inkscape:collect="always" xlink:href="#linearGradient3391" id="linearGradient3513" gradientUnits="userSpaceOnUse" x1="705.63715" y1="25.861053" x2="756.38391" y2="25.861053"/>
    <linearGradient inkscape:collect="always" xlink:href="#linearGradient3391" id="linearGradient3935" gradientUnits="userSpaceOnUse" x1="705.63715" y1="25.861053" x2="756.38391" y2="25.861053"/>
    <linearGradient inkscape:collect="always" xlink:href="#linearGradient3391" id="linearGradient9646" gradientUnits="userSpaceOnUse" x1="61.585899" y1="794.37689" x2="618.76581" y2="794.37689"/>
    <linearGradient inkscape:collect="always" xlink:href="#linearGradient3391" id="linearGradient9644" gradientUnits="userSpaceOnUse" x1="61.585899" y1="794.37689" x2="618.76581" y2="794.37689"/>
    <linearGradient inkscape:collect="always" xlink:href="#linearGradient3391" id="linearGradient9642" gradientUnits="userSpaceOnUse" x1="61.585899" y1="794.37689" x2="618.76581" y2="794.37689"/>
    <linearGradient inkscape:collect="always" xlink:href="#linearGradient3391" id="linearGradient3933" gradientUnits="userSpaceOnUse" x1="61.585899" y1="794.37689" x2="618.76581" y2="794.37689"/>
    <linearGradient inkscape:collect="always" xlink:href="#linearGradient3391" id="linearGradient3847" gradientUnits="userSpaceOnUse" x1="705.63715" y1="25.861053" x2="756.38391" y2="25.861053"/>
    <linearGradient inkscape:collect="always" xlink:href="#linearGradient3391" id="linearGradient3845" gradientUnits="userSpaceOnUse" x1="705.63715" y1="25.861053" x2="756.38391" y2="25.861053"/>
    <linearGradient inkscape:collect="always" xlink:href="#linearGradient3391" id="linearGradient3843" gradientUnits="userSpaceOnUse" x1="705.63715" y1="25.861053" x2="756.38391" y2="25.861053"/>
    <linearGradient inkscape:collect="always" xlink:href="#linearGradient3391" id="linearGradient3931" gradientUnits="userSpaceOnUse" x1="705.63715" y1="25.861053" x2="756.38391" y2="25.861053"/>
    <linearGradient inkscape:collect="always" xlink:href="#linearGradient3391" id="linearGradient3839" gradientUnits="userSpaceOnUse" x1="61.585899" y1="794.37689" x2="618.76581" y2="794.37689"/>
    <linearGradient inkscape:collect="always" xlink:href="#linearGradient3391" id="linearGradient3837" gradientUnits="userSpaceOnUse" x1="61.585899" y1="794.37689" x2="618.76581" y2="794.37689"/>
    <linearGradient inkscape:collect="always" xlink:href="#linearGradient3391" id="linearGradient3835" gradientUnits="userSpaceOnUse" x1="61.585899" y1="794.37689" x2="618.76581" y2="794.37689"/>
    <linearGradient id="linearGradient3391">
      <stop style="stop-color:#ffffff;stop-opacity:0" offset="0" id="stop3393"/>
      <stop id="stop3399" offset="0.5" style="stop-color:#000000;stop-opacity:1;"/>
      <stop style="stop-color:#ffffff;stop-opacity:0;" offset="1" id="stop3395"/>
    </linearGradient>
    <linearGradient inkscape:collect="always" xlink:href="#linearGradient3391" id="linearGradient3929" gradientUnits="userSpaceOnUse" x1="61.585899" y1="794.37689" x2="618.76581" y2="794.37689"/>
    <linearGradient inkscape:collect="always" xlink:href="#linearGradient8560" id="linearGradient4374" gradientUnits="userSpaceOnUse" gradientTransform="matrix(0.3670583,0,0,0.3670583,-40.33993,-43.910063)" x1="171.83858" y1="381.28146" x2="577.02722" y2="381.28146"/>
    <linearGradient inkscape:collect="always" xlink:href="#linearGradient8560" id="linearGradient2262" gradientUnits="userSpaceOnUse" gradientTransform="matrix(0.3670583,0,0,0.3670583,-40.33993,-43.910063)" x1="171.83858" y1="381.28146" x2="577.02722" y2="381.28146"/>
  </defs>
  <sodipodi:namedview inkscape:window-height="694" inkscape:window-width="1020" inkscape:pageshadow="2" inkscape:pageopacity="0.0" guidetolerance="10.0" gridtolerance="10.0" objecttolerance="10.0" borderopacity="1.0" bordercolor="#666666" pagecolor="#ffffff" id="base" inkscape:zoom="1.3061134" inkscape:cx="141.41699" inkscape:cy="183.36845" inkscape:window-x="0" inkscape:window-y="24" inkscape:current-layer="svg2776" inkscape:showpageshadow="false"/>
  <g id="g2300" transform="translate(-12.179455,-10.342186)">
    <g id="g3799" transform="matrix(1.2465306,0.5256859,-0.5256859,1.2465306,-549.51988,-509.13289)">
      <g id="g3801" transform="matrix(9.6887094e-2,0.1390946,7.5379123e-2,-5.2505733e-2,646.96658,345.93557)">
        <path style="opacity:1;fill:#ffd700;fill-opacity:1;stroke:none;stroke-width:4.76399994;stroke-miterlimit:4;stroke-opacity:1" d="M -569.1042,283.05305 C -19.326927,281.66471 -570.4235,407.76552 -17.797661,406.37717 C -18.454324,488.08697 -20.209958,376.99083 -19.536859,542.84819 C -567.36497,544.23653 -23.284898,417.99619 -570.21357,419.38453 C -570.21358,268.05541 -569.1042,467.70235 -569.1042,283.05305 z " id="path3803" sodipodi:nodetypes="ccccc"/>
        <path sodipodi:nodetypes="ccccc" id="path3805" d="M -569.1042,419.05305 C -19.326927,417.66471 -570.4235,543.76552 -17.797661,542.37717 C -18.454324,624.08697 -20.209958,512.99083 -19.536859,678.84819 C -567.36497,680.23653 -23.284898,553.99619 -570.21357,555.38453 C -570.21358,404.05541 -569.1042,603.70235 -569.1042,419.05305 z " style="opacity:1;fill:#ffffff;fill-opacity:1;stroke:none;stroke-width:4.76399994;stroke-miterlimit:4;stroke-opacity:1"/>
        <path style="opacity:1;fill:#ffff20;fill-opacity:1;stroke:none;stroke-width:4.76399994;stroke-miterlimit:4;stroke-opacity:1" d="M -569.1042,555.05305 C -19.326927,553.66471 -570.4235,679.76552 -17.797661,678.37717 C -18.454324,760.08697 -20.209958,648.99083 -19.536859,814.84819 C -567.36497,816.23653 -23.284898,689.99619 -570.21357,691.38453 C -570.21358,540.05541 -569.1042,739.70235 -569.1042,555.05305 z " id="path3807" sodipodi:nodetypes="ccccc"/>
      </g>
      <g id="g3809" style="opacity:0.39901476;fill:url(#linearGradient3929);fill-opacity:1;stroke:none" transform="matrix(9.6887094e-2,0.1390946,7.5379123e-2,-5.2505733e-2,567.02256,270.61064)">
        <path sodipodi:nodetypes="ccccc" id="path3811" d="M 65.077269,528.47932 C 614.85454,527.09098 63.757969,653.19179 616.38381,651.80344 C 615.72715,733.51324 613.97151,622.4171 614.64461,788.27446 C 66.816499,789.6628 610.89657,663.42246 63.967899,664.8108 C 63.967889,513.48168 65.077269,713.12862 65.077269,528.47932 z " style="opacity:1;fill:url(#linearGradient3835);fill-opacity:1;stroke:none;stroke-width:4.76399994;stroke-miterlimit:4;stroke-opacity:1"/>
        <path style="opacity:1;fill:url(#linearGradient3837);fill-opacity:1;stroke:none;stroke-width:4.76399994;stroke-miterlimit:4;stroke-opacity:1" d="M 65.077269,664.47932 C 614.85454,663.09098 63.757969,789.19179 616.38381,787.80344 C 615.72715,869.51324 613.97151,758.4171 614.64461,924.27446 C 66.816499,925.6628 610.89657,799.42246 63.967899,800.8108 C 63.967889,649.48168 65.077269,849.12862 65.077269,664.47932 z " id="path3813" sodipodi:nodetypes="ccccc"/>
        <path sodipodi:nodetypes="ccccc" id="path3815" d="M 65.077269,800.47932 C 614.85454,799.09098 63.757969,925.19179 616.38381,923.80344 C 615.72715,1005.5132 613.97151,894.4171 614.64461,1060.2745 C 66.816499,1061.6628 610.89657,935.42246 63.967899,936.8108 C 63.967889,785.48168 65.077269,985.12862 65.077269,800.47932 z " style="opacity:1;fill:url(#linearGradient3839);fill-opacity:1;stroke:none;stroke-width:4.76399994;stroke-miterlimit:4;stroke-opacity:1"/>
      </g>
      <g id="g3817" transform="matrix(1.0546877,1.5141477,0.8205576,-0.5715638,-17.973682,-654.24584)">
        <path sodipodi:nodetypes="cccsssssscc" id="path3819" d="M 697.85542,0.0010472667 C 647.35107,-0.12649022 697.97661,11.457545 647.21058,11.330007 C 647.2709,18.836138 647.43218,8.6304811 647.37035,23.866684 C 653.66101,23.882626 658.38439,23.715375 661.93214,23.410728 C 665.47989,23.106082 667.85201,22.66404 669.44017,22.130401 C 671.02833,21.596763 671.83253,20.971527 672.24441,20.300493 C 672.6563,19.62946 672.67588,18.912627 672.69482,18.195795 C 672.71376,17.478963 672.73205,16.76213 673.14136,16.091097 C 673.55067,15.420063 674.35099,14.794827 675.93398,14.261189 C 677.51698,13.72755 679.88265,13.285508 683.42265,12.980862 C 683.4831,12.969175 698.05928,0.012719816 697.85542,0.0010472667 z " style="fill:#ffd700;fill-opacity:1;stroke:none;stroke-width:4.76399994;stroke-miterlimit:4;stroke-opacity:1"/>
        <path style="fill:#ffffff;fill-opacity:1;stroke:none;stroke-width:4.76399994;stroke-miterlimit:4;stroke-opacity:1" d="M 683.2612,12.94986 C 679.71292,13.254156 677.34924,13.695698 675.77461,14.228735 C 674.19999,14.761773 673.41442,15.386308 673.02236,16.05659 C 672.63029,16.726873 672.63173,17.442904 672.63113,18.158935 C 672.63053,18.874966 672.62788,19.590998 672.22764,20.26128 C 671.8274,20.931563 671.02956,21.556097 669.43858,22.089135 C 667.8476,22.622173 665.46348,23.063714 661.89066,23.36801 C 658.31784,23.672306 653.55633,23.839357 647.21058,23.823415 C 647.2709,31.329546 647.43218,21.123889 647.37035,36.360092 C 653.66101,36.376034 658.38439,36.208783 661.93214,35.904136 C 665.47989,35.59949 667.85201,35.157448 669.44017,34.623809 C 671.02833,34.090171 671.83253,33.464935 672.24441,32.793901 C 672.6563,32.122867 672.67588,31.406035 672.69482,30.689203 C 672.71376,29.972371 672.73205,29.255539 673.14136,28.584505 C 673.55067,27.913471 674.35099,27.288235 675.93398,26.754597 C 677.51698,26.220958 679.88265,25.778916 683.42265,25.47427 C 675.30408,20.669029 675.30111,20.763783 683.2612,12.94986 z " id="path3821" sodipodi:nodetypes="cssssssccsssssscc"/>
        <path sodipodi:nodetypes="csssssscccc" id="path3823" d="M 683.2612,25.443268 C 679.71292,25.747564 677.34924,26.189105 675.77461,26.722143 C 674.19999,27.255181 673.41442,27.879715 673.02236,28.549998 C 672.63029,29.220281 672.63173,29.936312 672.63113,30.652343 C 672.63053,31.368374 672.62788,32.084405 672.22764,32.754688 C 671.8274,33.424971 671.02956,34.049505 669.43858,34.582543 C 667.8476,35.115581 665.46348,35.557122 661.89066,35.861418 C 658.31784,36.165714 653.55633,36.332765 647.21058,36.316823 C 647.2709,43.822954 647.43218,33.617297 647.37035,48.8535 C 697.69564,48.981038 647.71466,37.384184 697.95733,37.511722 C 697.82669,37.320383 683.17246,25.284264 683.2612,25.443268 z " style="fill:#ffff20;fill-opacity:1;stroke:none;stroke-width:4.76399994;stroke-miterlimit:4;stroke-opacity:1"/>
      </g>
      <g id="g3825" style="opacity:0.39899998;fill:url(#linearGradient3931);fill-opacity:1" transform="matrix(1.0546877,1.5141477,0.8205576,-0.5715638,-80.772018,-741.89288)">
        <path style="opacity:0.39899998;fill:url(#linearGradient3843);fill-opacity:1;stroke:none;stroke-width:4.76399994;stroke-miterlimit:4;stroke-opacity:1" d="M 756.282,1.4348285 C 705.77765,1.307291 756.40319,12.891326 705.63716,12.763788 C 705.69748,20.269919 705.85876,10.064262 705.79693,25.300465 C 712.08759,25.316407 716.81097,25.149156 720.35872,24.844509 C 723.90647,24.539863 726.27859,24.097821 727.86675,23.564182 C 729.45491,23.030544 730.25911,22.405308 730.67099,21.734274 C 731.08288,21.063241 731.10246,20.346408 731.1214,19.629576 C 731.14034,18.912744 731.15863,18.195911 731.56794,17.524878 C 731.97725,16.853844 732.77757,16.228608 734.36056,15.69497 C 735.94356,15.161331 738.30923,14.719289 741.84923,14.414643 C 741.90968,14.402956 756.48586,1.446501 756.282,1.4348285 z " id="path3827" sodipodi:nodetypes="cccsssssscc"/>
        <path sodipodi:nodetypes="cssssssccsssssscc" id="path3829" d="M 741.68778,14.383641 C 738.1395,14.687937 735.77582,15.129479 734.20119,15.662516 C 732.62657,16.195554 731.841,16.820089 731.44894,17.490371 C 731.05687,18.160654 731.05831,18.876685 731.05771,19.592716 C 731.05711,20.308747 731.05446,21.024779 730.65422,21.695061 C 730.25398,22.365344 729.45614,22.989878 727.86516,23.522916 C 726.27418,24.055954 723.89006,24.497495 720.31724,24.801791 C 716.74442,25.106087 711.98291,25.273138 705.63716,25.257196 C 705.69748,32.763327 705.85876,22.55767 705.79693,37.793873 C 712.08759,37.809815 716.81097,37.642564 720.35872,37.337917 C 723.90647,37.033271 726.27859,36.591229 727.86675,36.05759 C 729.45491,35.523952 730.25911,34.898716 730.67099,34.227682 C 731.08288,33.556648 731.10246,32.839816 731.1214,32.122984 C 731.14034,31.406152 731.15863,30.68932 731.56794,30.018286 C 731.97725,29.347252 732.77757,28.722016 734.36056,28.188378 C 735.94356,27.654739 738.30923,27.212697 741.84923,26.908051 C 733.73066,22.10281 733.72769,22.197564 741.68778,14.383641 z " style="opacity:0.39899998;fill:url(#linearGradient3845);fill-opacity:1;stroke:none;stroke-width:4.76399994;stroke-miterlimit:4;stroke-opacity:1"/>
        <path style="opacity:0.39899998;fill:url(#linearGradient3847);fill-opacity:1;stroke:none;stroke-width:4.76399994;stroke-miterlimit:4;stroke-opacity:1" d="M 741.68778,26.877049 C 738.1395,27.181345 735.77582,27.622886 734.20119,28.155924 C 732.62657,28.688962 731.841,29.313496 731.44894,29.983779 C 731.05687,30.654062 731.05831,31.370093 731.05771,32.086124 C 731.05711,32.802155 731.05446,33.518186 730.65422,34.188469 C 730.25398,34.858752 729.45614,35.483286 727.86516,36.016324 C 726.27418,36.549362 723.89006,36.990903 720.31724,37.295199 C 716.74442,37.599495 711.98291,37.766546 705.63716,37.750604 C 705.69748,45.256735 705.85876,35.051078 705.79693,50.287281 C 756.12222,50.414819 706.14124,38.817965 756.38391,38.945503 C 756.25327,38.754164 741.59904,26.718045 741.68778,26.877049 z " id="path3831" sodipodi:nodetypes="csssssscccc"/>
      </g>
    </g>
    <g transform="matrix(1.3528429,0,0,1.3528429,-730.48976,-211.65696)" id="g3777">
      <g transform="matrix(9.6887094e-2,0.1390946,7.5379123e-2,-5.2505733e-2,646.96658,345.93557)" id="g3444">
        <path sodipodi:nodetypes="ccccc" id="path3446" d="M -569.1042,283.05305 C -19.326927,281.66471 -570.4235,407.76552 -17.797661,406.37717 C -18.454324,488.08697 -20.209958,376.99083 -19.536859,542.84819 C -567.36497,544.23653 -23.284898,417.99619 -570.21357,419.38453 C -570.21358,268.05541 -569.1042,467.70235 -569.1042,283.05305 z " style="opacity:1;fill:#ffd700;fill-opacity:1;stroke:none;stroke-width:4.76399994;stroke-miterlimit:4;stroke-opacity:1"/>
        <path style="opacity:1;fill:#ffffff;fill-opacity:1;stroke:none;stroke-width:4.76399994;stroke-miterlimit:4;stroke-opacity:1" d="M -569.1042,419.05305 C -19.326927,417.66471 -570.4235,543.76552 -17.797661,542.37717 C -18.454324,624.08697 -20.209958,512.99083 -19.536859,678.84819 C -567.36497,680.23653 -23.284898,553.99619 -570.21357,555.38453 C -570.21358,404.05541 -569.1042,603.70235 -569.1042,419.05305 z " id="path3448" sodipodi:nodetypes="ccccc"/>
        <path sodipodi:nodetypes="ccccc" id="path3450" d="M -569.1042,555.05305 C -19.326927,553.66471 -570.4235,679.76552 -17.797661,678.37717 C -18.454324,760.08697 -20.209958,648.99083 -19.536859,814.84819 C -567.36497,816.23653 -23.284898,689.99619 -570.21357,691.38453 C -570.21358,540.05541 -569.1042,739.70235 -569.1042,555.05305 z " style="opacity:1;fill:#ffff20;fill-opacity:1;stroke:none;stroke-width:4.76399994;stroke-miterlimit:4;stroke-opacity:1"/>
      </g>
      <g transform="matrix(9.6887094e-2,0.1390946,7.5379123e-2,-5.2505733e-2,567.02256,270.61064)" style="opacity:0.39901476;fill:url(#linearGradient3933);fill-opacity:1;stroke:none" id="g3452">
        <path style="opacity:1;fill:url(#linearGradient9642);fill-opacity:1;stroke:none;stroke-width:4.76399994;stroke-miterlimit:4;stroke-opacity:1" d="M 65.077269,528.47932 C 614.85454,527.09098 63.757969,653.19179 616.38381,651.80344 C 615.72715,733.51324 613.97151,622.4171 614.64461,788.27446 C 66.816499,789.6628 610.89657,663.42246 63.967899,664.8108 C 63.967889,513.48168 65.077269,713.12862 65.077269,528.47932 z " id="path3454" sodipodi:nodetypes="ccccc"/>
        <path sodipodi:nodetypes="ccccc" id="path3456" d="M 65.077269,664.47932 C 614.85454,663.09098 63.757969,789.19179 616.38381,787.80344 C 615.72715,869.51324 613.97151,758.4171 614.64461,924.27446 C 66.816499,925.6628 610.89657,799.42246 63.967899,800.8108 C 63.967889,649.48168 65.077269,849.12862 65.077269,664.47932 z " style="opacity:1;fill:url(#linearGradient9644);fill-opacity:1;stroke:none;stroke-width:4.76399994;stroke-miterlimit:4;stroke-opacity:1"/>
        <path style="opacity:1;fill:url(#linearGradient9646);fill-opacity:1;stroke:none;stroke-width:4.76399994;stroke-miterlimit:4;stroke-opacity:1" d="M 65.077269,800.47932 C 614.85454,799.09098 63.757969,925.19179 616.38381,923.80344 C 615.72715,1005.5132 613.97151,894.4171 614.64461,1060.2745 C 66.816499,1061.6628 610.89657,935.42246 63.967899,936.8108 C 63.967889,785.48168 65.077269,985.12862 65.077269,800.47932 z " id="path3458" sodipodi:nodetypes="ccccc"/>
      </g>
      <g transform="matrix(1.0546877,1.5141477,0.8205576,-0.5715638,-17.973682,-654.24584)" id="g9451">
        <path style="fill:#ffd700;fill-opacity:1;stroke:none;stroke-width:4.76399994;stroke-miterlimit:4;stroke-opacity:1" d="M 697.85542,0.0010472667 C 647.35107,-0.12649022 697.97661,11.457545 647.21058,11.330007 C 647.2709,18.836138 647.43218,8.6304811 647.37035,23.866684 C 653.66101,23.882626 658.38439,23.715375 661.93214,23.410728 C 665.47989,23.106082 667.85201,22.66404 669.44017,22.130401 C 671.02833,21.596763 671.83253,20.971527 672.24441,20.300493 C 672.6563,19.62946 672.67588,18.912627 672.69482,18.195795 C 672.71376,17.478963 672.73205,16.76213 673.14136,16.091097 C 673.55067,15.420063 674.35099,14.794827 675.93398,14.261189 C 677.51698,13.72755 679.88265,13.285508 683.42265,12.980862 C 683.4831,12.969175 698.05928,0.012719816 697.85542,0.0010472667 z " id="path9453" sodipodi:nodetypes="cccsssssscc"/>
        <path sodipodi:nodetypes="cssssssccsssssscc" id="path9455" d="M 683.2612,12.94986 C 679.71292,13.254156 677.34924,13.695698 675.77461,14.228735 C 674.19999,14.761773 673.41442,15.386308 673.02236,16.05659 C 672.63029,16.726873 672.63173,17.442904 672.63113,18.158935 C 672.63053,18.874966 672.62788,19.590998 672.22764,20.26128 C 671.8274,20.931563 671.02956,21.556097 669.43858,22.089135 C 667.8476,22.622173 665.46348,23.063714 661.89066,23.36801 C 658.31784,23.672306 653.55633,23.839357 647.21058,23.823415 C 647.2709,31.329546 647.43218,21.123889 647.37035,36.360092 C 653.66101,36.376034 658.38439,36.208783 661.93214,35.904136 C 665.47989,35.59949 667.85201,35.157448 669.44017,34.623809 C 671.02833,34.090171 671.83253,33.464935 672.24441,32.793901 C 672.6563,32.122867 672.67588,31.406035 672.69482,30.689203 C 672.71376,29.972371 672.73205,29.255539 673.14136,28.584505 C 673.55067,27.913471 674.35099,27.288235 675.93398,26.754597 C 677.51698,26.220958 679.88265,25.778916 683.42265,25.47427 C 675.30408,20.669029 675.30111,20.763783 683.2612,12.94986 z " style="fill:#ffffff;fill-opacity:1;stroke:none;stroke-width:4.76399994;stroke-miterlimit:4;stroke-opacity:1"/>
        <path style="fill:#ffff20;fill-opacity:1;stroke:none;stroke-width:4.76399994;stroke-miterlimit:4;stroke-opacity:1" d="M 683.2612,25.443268 C 679.71292,25.747564 677.34924,26.189105 675.77461,26.722143 C 674.19999,27.255181 673.41442,27.879715 673.02236,28.549998 C 672.63029,29.220281 672.63173,29.936312 672.63113,30.652343 C 672.63053,31.368374 672.62788,32.084405 672.22764,32.754688 C 671.8274,33.424971 671.02956,34.049505 669.43858,34.582543 C 667.8476,35.115581 665.46348,35.557122 661.89066,35.861418 C 658.31784,36.165714 653.55633,36.332765 647.21058,36.316823 C 647.2709,43.822954 647.43218,33.617297 647.37035,48.8535 C 697.69564,48.981038 647.71466,37.384184 697.95733,37.511722 C 697.82669,37.320383 683.17246,25.284264 683.2612,25.443268 z " id="path9457" sodipodi:nodetypes="csssssscccc"/>
      </g>
      <g transform="matrix(1.0546877,1.5141477,0.8205576,-0.5715638,-80.772018,-741.89288)" style="opacity:0.39899998;fill:url(#linearGradient3935);fill-opacity:1" id="g9459">
        <path sodipodi:nodetypes="cccsssssscc" id="path9461" d="M 756.282,1.4348285 C 705.77765,1.307291 756.40319,12.891326 705.63716,12.763788 C 705.69748,20.269919 705.85876,10.064262 705.79693,25.300465 C 712.08759,25.316407 716.81097,25.149156 720.35872,24.844509 C 723.90647,24.539863 726.27859,24.097821 727.86675,23.564182 C 729.45491,23.030544 730.25911,22.405308 730.67099,21.734274 C 731.08288,21.063241 731.10246,20.346408 731.1214,19.629576 C 731.14034,18.912744 731.15863,18.195911 731.56794,17.524878 C 731.97725,16.853844 732.77757,16.228608 734.36056,15.69497 C 735.94356,15.161331 738.30923,14.719289 741.84923,14.414643 C 741.90968,14.402956 756.48586,1.446501 756.282,1.4348285 z " style="opacity:0.39899998;fill:url(#linearGradient3513);fill-opacity:1;stroke:none;stroke-width:4.76399994;stroke-miterlimit:4;stroke-opacity:1"/>
        <path style="opacity:0.39899998;fill:url(#linearGradient3515);fill-opacity:1;stroke:none;stroke-width:4.76399994;stroke-miterlimit:4;stroke-opacity:1" d="M 741.68778,14.383641 C 738.1395,14.687937 735.77582,15.129479 734.20119,15.662516 C 732.62657,16.195554 731.841,16.820089 731.44894,17.490371 C 731.05687,18.160654 731.05831,18.876685 731.05771,19.592716 C 731.05711,20.308747 731.05446,21.024779 730.65422,21.695061 C 730.25398,22.365344 729.45614,22.989878 727.86516,23.522916 C 726.27418,24.055954 723.89006,24.497495 720.31724,24.801791 C 716.74442,25.106087 711.98291,25.273138 705.63716,25.257196 C 705.69748,32.763327 705.85876,22.55767 705.79693,37.793873 C 712.08759,37.809815 716.81097,37.642564 720.35872,37.337917 C 723.90647,37.033271 726.27859,36.591229 727.86675,36.05759 C 729.45491,35.523952 730.25911,34.898716 730.67099,34.227682 C 731.08288,33.556648 731.10246,32.839816 731.1214,32.122984 C 731.14034,31.406152 731.15863,30.68932 731.56794,30.018286 C 731.97725,29.347252 732.77757,28.722016 734.36056,28.188378 C 735.94356,27.654739 738.30923,27.212697 741.84923,26.908051 C 733.73066,22.10281 733.72769,22.197564 741.68778,14.383641 z " id="path9463" sodipodi:nodetypes="cssssssccsssssscc"/>
        <path sodipodi:nodetypes="csssssscccc" id="path9465" d="M 741.68778,26.877049 C 738.1395,27.181345 735.77582,27.622886 734.20119,28.155924 C 732.62657,28.688962 731.841,29.313496 731.44894,29.983779 C 731.05687,30.654062 731.05831,31.370093 731.05771,32.086124 C 731.05711,32.802155 731.05446,33.518186 730.65422,34.188469 C 730.25398,34.858752 729.45614,35.483286 727.86516,36.016324 C 726.27418,36.549362 723.89006,36.990903 720.31724,37.295199 C 716.74442,37.599495 711.98291,37.766546 705.63716,37.750604 C 705.69748,45.256735 705.85876,35.051078 705.79693,50.287281 C 756.12222,50.414819 706.14124,38.817965 756.38391,38.945503 C 756.25327,38.754164 741.59904,26.718045 741.68778,26.877049 z " style="opacity:0.39899998;fill:url(#linearGradient3517);fill-opacity:1;stroke:none;stroke-width:4.76399994;stroke-miterlimit:4;stroke-opacity:1"/>
      </g>
    </g>
    <path sodipodi:nodetypes="ccccscccc" id="path2596" d="M 97.09876,45.09771 C 68.61784,45.09771 43.87173,56.48995 31.42552,73.17707 L 22.73485,73.17707 L 23.01331,100.87354 C 22.06341,122.5818 58.36501,146.98718 97.82778,146.98718 C 137.29056,146.98718 171.78121,126.22684 171.19583,100.87354 L 171.46269,73.17707 L 162.77202,73.17707 C 150.32514,56.4914 125.57816,45.09771 97.09876,45.09771 z " style="fill:url(#linearGradient2262);fill-opacity:1;stroke:none;stroke-width:1.46061051;stroke-miterlimit:4;stroke-dasharray:none;stroke-opacity:1"/>
    <path sodipodi:type="arc" style="opacity:0.18719213;fill:url(#linearGradient2699);fill-opacity:1;stroke:none;stroke-width:2.20433664;stroke-miterlimit:4;stroke-dasharray:none;stroke-opacity:1" id="path2598" sodipodi:cx="372.07529" sodipodi:cy="322.09503" sodipodi:rx="199.92105" sodipodi:ry="141.61075" d="M 571.99634 322.09503 A 199.92105 141.61075 0 1 1  172.15424,322.09503 A 199.92105 141.61075 0 1 1  571.99634 322.09503 z" transform="matrix(0.269873,0,0,0.2056604,-2.15261,49.8295)"/>
    <path d="M 571.99634 322.09503 A 199.92105 141.61075 0 1 1  172.15424,322.09503 A 199.92105 141.61075 0 1 1  571.99634 322.09503 z" sodipodi:ry="141.61075" sodipodi:rx="199.92105" sodipodi:cy="322.09503" sodipodi:cx="372.07529" id="path2600" style="fill:#c0b900;fill-opacity:1;stroke:none;stroke-width:18.86700058;stroke-miterlimit:4;stroke-dasharray:none;stroke-opacity:1" sodipodi:type="arc" transform="matrix(0.3716173,0,0,0.3716173,-41.12478,-48.290529)"/>
    <path transform="matrix(0.3643546,0,0,0.3643546,-38.53343,-44.09698)" sodipodi:type="arc" style="fill:#c2bc00;fill-opacity:1;stroke:none;stroke-width:18.86700058;stroke-miterlimit:4;stroke-dasharray:none;stroke-opacity:1" id="path2602" sodipodi:cx="372.07529" sodipodi:cy="322.09503" sodipodi:rx="199.92105" sodipodi:ry="141.61075" d="M 571.99634 322.09503 A 199.92105 141.61075 0 1 1  172.15424,322.09503 A 199.92105 141.61075 0 1 1  571.99634 322.09503 z"/>
    <path transform="matrix(0.269873,0,0,0.2056604,-2.64856,29.496)" d="M 571.99634 322.09503 A 199.92105 141.61075 0 1 1  172.15424,322.09503 A 199.92105 141.61075 0 1 1  571.99634 322.09503 z" sodipodi:ry="141.61075" sodipodi:rx="199.92105" sodipodi:cy="322.09503" sodipodi:cx="372.07529" id="path2604" style="opacity:0.18719213;fill:url(#linearGradient2701);fill-opacity:1;stroke:none;stroke-width:2.20433664;stroke-miterlimit:4;stroke-dasharray:none;stroke-opacity:1" sodipodi:type="arc"/>
    <path sodipodi:type="arc" style="opacity:0.34004929;fill:url(#linearGradient2703);fill-opacity:1;stroke:none;stroke-width:2.20433664;stroke-miterlimit:4;stroke-dasharray:none;stroke-opacity:1" id="path2606" sodipodi:cx="372.07529" sodipodi:cy="322.09503" sodipodi:rx="199.92105" sodipodi:ry="141.61075" d="M 571.99634 322.09503 A 199.92105 141.61075 0 1 1  172.15424,322.09503 A 199.92105 141.61075 0 1 1  571.99634 322.09503 z" transform="matrix(0.3301116,0,0,-0.2936769,-25.29124,164.15877)"/>
    <path id="path2608" d="M 571.99634,322.09503 C 571.99634,400.26416 482.43171,463.70578 372.07529,463.70578 C 261.71887,463.70578 172.15424,400.26416 172.15424,322.09503 C 172.15424,243.9259 261.71887,180.48428 372.07529,180.48428 C 482.43171,180.48428 571.99634,243.9259 571.99634,322.09503 z " style="opacity:0.63054187;fill:url(#linearGradient2705);fill-opacity:1;stroke:none;stroke-width:2.20433664;stroke-miterlimit:4;stroke-opacity:1" transform="matrix(0.2843468,0,0,0.2529634,-8.76452,-19.528226)"/>
    <path transform="matrix(0.2757666,0,0,0.2757666,-5.07082,-20.63823)" d="M 571.99634 322.09503 A 199.92105 141.61075 0 1 1  172.15424,322.09503 A 199.92105 141.61075 0 1 1  571.99634 322.09503 z" sodipodi:ry="141.61075" sodipodi:rx="199.92105" sodipodi:cy="322.09503" sodipodi:cx="372.07529" id="path2610" style="fill:#c0b900;fill-opacity:1;stroke:none;stroke-width:2.20433664;stroke-miterlimit:4;stroke-dasharray:none;stroke-opacity:1" sodipodi:type="arc"/>
    <path id="text2884" d="M 123.49544,76.395161 L 96.413671,85.596688 L 105.82432,112.46933 L 84.388948,93.648025 L 65.672204,115.39709 L 71.318596,87.374256 L 43.1912,82.041553 L 70.272968,72.840025 L 60.862315,45.967382 L 82.297692,64.788689 L 101.01444,43.039624 L 95.368043,71.062457 L 123.49544,76.395161 M 99.34143,46.385634 L 83.552445,77.440789 L 94.008727,70.853332 L 99.34143,46.385634 M 119.52205,76.708849 L 85.22545,77.85904 L 95.99542,83.819121 L 119.52205,76.708849 M 103.94219,109.7507 L 84.388948,79.845734 L 85.434576,92.811523 L 103.94219,109.7507 M 67.658898,112.05108 L 83.552445,79.113794 L 73.200727,88.106196 L 67.658898,112.05108 M 46.641773,81.832427 L 46.850898,81.832427 C 48.175357,81.832455 53.333783,81.483913 62.326194,80.786799 C 66.71781,80.507994 73.270407,79.950326 81.984003,79.113794 L 70.691219,73.990216 C 54.797661,79.218387 46.781187,81.832455 46.641773,81.832427 M 62.744446,49.313392 L 82.925069,78.172729 L 81.356626,65.416066 L 62.744446,49.313392" style="font-size:104.56281281px;font-style:normal;font-variant:normal;font-weight:normal;font-stretch:normal;text-align:start;line-height:125%;writing-mode:lr-tb;text-anchor:start;fill:#d8d81b;fill-opacity:1;stroke:none;stroke-width:1px;stroke-linecap:butt;stroke-linejoin:miter;stroke-opacity:1;font-family:Font in a Red Suit" transform="scale(1.1817624,0.8461938)"/>
    <g id="g2620" style="opacity:0.79310345" transform="matrix(2.0207243,0,0,2.0207243,-379.39675,-423.54671)">
      <path transform="matrix(0.1106868,0,0,9.847027e-2,194.83289,206.81914)" d="M 571.99634 322.09503 A 199.92105 141.61075 0 1 1  172.15424,322.09503 A 199.92105 141.61075 0 1 1  571.99634 322.09503 z" sodipodi:ry="141.61075" sodipodi:rx="199.92105" sodipodi:cy="322.09503" sodipodi:cx="372.07529" id="path2622" style="fill:url(#linearGradient2707);fill-opacity:1;stroke:none;stroke-width:2.20433664;stroke-miterlimit:4;stroke-dasharray:none;stroke-opacity:1" sodipodi:type="arc"/>
      <path inkscape:export-ydpi="47.93037" inkscape:export-xdpi="47.93037" inkscape:export-filename="/home/peterm/Foto's/afbeeldingen/svg/Mandriva/mcnlivelogo/mcnlivelogowithtext.png" sodipodi:type="arc" style="opacity:0.5;fill:url(#radialGradient2709);fill-opacity:1;stroke:none;stroke-width:1;stroke-linejoin:bevel;stroke-miterlimit:4;stroke-dasharray:none;stroke-dashoffset:0;stroke-opacity:1;display:inline" id="path2624" sodipodi:cx="264.5" sodipodi:cy="486.86218" sodipodi:rx="13.5" sodipodi:ry="13.5" d="M 278 486.86218 A 13.5 13.5 0 1 1  251,486.86218 A 13.5 13.5 0 1 1  278 486.86218 z" transform="matrix(-2.0144401e-2,-0.5361465,0.9380584,-4.2136674e-2,-215.63022,415.62989)"/>
    </g>
  </g>
</svg>